2.000000000000000000e+00 1.600000000000000000e+01
2.000000000000000000e+00 2.600000000000000000e+01
2.000000000000000000e+00 4.700000000000000000e+01
2.000000000000000000e+00 5.700000000000000000e+01
2.000000000000000000e+00 7.400000000000000000e+01
2.000000000000000000e+00 9.800000000000000000e+01
2.000000000000000000e+00 1.170000000000000000e+02
2.000000000000000000e+00 1.270000000000000000e+02
2.000000000000000000e+00 1.390000000000000000e+02
2.000000000000000000e+00 1.460000000000000000e+02
2.000000000000000000e+00 1.530000000000000000e+02
2.000000000000000000e+00 1.670000000000000000e+02
2.000000000000000000e+00 1.780000000000000000e+02
2.000000000000000000e+00 1.890000000000000000e+02
2.000000000000000000e+00 1.960000000000000000e+02
2.000000000000000000e+00 2.200000000000000000e+02
2.000000000000000000e+00 2.340000000000000000e+02
2.000000000000000000e+00 2.480000000000000000e+02
2.000000000000000000e+00 2.620000000000000000e+02
1.600000000000000000e+01 2.600000000000000000e+01
1.600000000000000000e+01 4.700000000000000000e+01
1.600000000000000000e+01 5.700000000000000000e+01
1.600000000000000000e+01 7.400000000000000000e+01
1.600000000000000000e+01 9.800000000000000000e+01
1.600000000000000000e+01 1.170000000000000000e+02
1.600000000000000000e+01 1.270000000000000000e+02
1.600000000000000000e+01 1.390000000000000000e+02
1.600000000000000000e+01 1.460000000000000000e+02
1.600000000000000000e+01 1.530000000000000000e+02
1.600000000000000000e+01 1.670000000000000000e+02
1.600000000000000000e+01 1.780000000000000000e+02
1.600000000000000000e+01 1.890000000000000000e+02
1.600000000000000000e+01 1.960000000000000000e+02
1.600000000000000000e+01 2.200000000000000000e+02
1.600000000000000000e+01 2.340000000000000000e+02
1.600000000000000000e+01 2.480000000000000000e+02
1.600000000000000000e+01 2.620000000000000000e+02
2.600000000000000000e+01 4.700000000000000000e+01
2.600000000000000000e+01 5.700000000000000000e+01
2.600000000000000000e+01 7.400000000000000000e+01
2.600000000000000000e+01 9.800000000000000000e+01
2.600000000000000000e+01 1.170000000000000000e+02
2.600000000000000000e+01 1.270000000000000000e+02
2.600000000000000000e+01 1.390000000000000000e+02
2.600000000000000000e+01 1.460000000000000000e+02
2.600000000000000000e+01 1.530000000000000000e+02
2.600000000000000000e+01 1.670000000000000000e+02
2.600000000000000000e+01 1.780000000000000000e+02
2.600000000000000000e+01 1.890000000000000000e+02
2.600000000000000000e+01 1.960000000000000000e+02
2.600000000000000000e+01 2.200000000000000000e+02
2.600000000000000000e+01 2.340000000000000000e+02
2.600000000000000000e+01 2.480000000000000000e+02
2.600000000000000000e+01 2.620000000000000000e+02
4.700000000000000000e+01 5.700000000000000000e+01
4.700000000000000000e+01 7.400000000000000000e+01
4.700000000000000000e+01 9.800000000000000000e+01
4.700000000000000000e+01 1.170000000000000000e+02
4.700000000000000000e+01 1.270000000000000000e+02
4.700000000000000000e+01 1.390000000000000000e+02
4.700000000000000000e+01 1.460000000000000000e+02
4.700000000000000000e+01 1.530000000000000000e+02
4.700000000000000000e+01 1.670000000000000000e+02
4.700000000000000000e+01 1.780000000000000000e+02
4.700000000000000000e+01 1.890000000000000000e+02
4.700000000000000000e+01 1.960000000000000000e+02
4.700000000000000000e+01 2.200000000000000000e+02
4.700000000000000000e+01 2.340000000000000000e+02
4.700000000000000000e+01 2.480000000000000000e+02
4.700000000000000000e+01 2.620000000000000000e+02
5.700000000000000000e+01 7.400000000000000000e+01
5.700000000000000000e+01 9.800000000000000000e+01
5.700000000000000000e+01 1.170000000000000000e+02
5.700000000000000000e+01 1.270000000000000000e+02
5.700000000000000000e+01 1.390000000000000000e+02
5.700000000000000000e+01 1.460000000000000000e+02
5.700000000000000000e+01 1.530000000000000000e+02
5.700000000000000000e+01 1.670000000000000000e+02
5.700000000000000000e+01 1.780000000000000000e+02
5.700000000000000000e+01 1.890000000000000000e+02
5.700000000000000000e+01 1.960000000000000000e+02
5.700000000000000000e+01 2.200000000000000000e+02
5.700000000000000000e+01 2.340000000000000000e+02
5.700000000000000000e+01 2.480000000000000000e+02
5.700000000000000000e+01 2.620000000000000000e+02
7.400000000000000000e+01 9.800000000000000000e+01
7.400000000000000000e+01 1.170000000000000000e+02
7.400000000000000000e+01 1.270000000000000000e+02
7.400000000000000000e+01 1.390000000000000000e+02
7.400000000000000000e+01 1.460000000000000000e+02
7.400000000000000000e+01 1.530000000000000000e+02
7.400000000000000000e+01 1.670000000000000000e+02
7.400000000000000000e+01 1.780000000000000000e+02
7.400000000000000000e+01 1.890000000000000000e+02
7.400000000000000000e+01 1.960000000000000000e+02
7.400000000000000000e+01 2.200000000000000000e+02
7.400000000000000000e+01 2.340000000000000000e+02
7.400000000000000000e+01 2.480000000000000000e+02
7.400000000000000000e+01 2.620000000000000000e+02
9.800000000000000000e+01 1.170000000000000000e+02
9.800000000000000000e+01 1.270000000000000000e+02
9.800000000000000000e+01 1.390000000000000000e+02
9.800000000000000000e+01 1.460000000000000000e+02
9.800000000000000000e+01 1.530000000000000000e+02
9.800000000000000000e+01 1.670000000000000000e+02
9.800000000000000000e+01 1.780000000000000000e+02
9.800000000000000000e+01 1.890000000000000000e+02
9.800000000000000000e+01 1.960000000000000000e+02
9.800000000000000000e+01 2.200000000000000000e+02
9.800000000000000000e+01 2.340000000000000000e+02
9.800000000000000000e+01 2.480000000000000000e+02
9.800000000000000000e+01 2.620000000000000000e+02
1.170000000000000000e+02 1.270000000000000000e+02
1.170000000000000000e+02 1.390000000000000000e+02
1.170000000000000000e+02 1.460000000000000000e+02
1.170000000000000000e+02 1.530000000000000000e+02
1.170000000000000000e+02 1.670000000000000000e+02
1.170000000000000000e+02 1.780000000000000000e+02
1.170000000000000000e+02 1.890000000000000000e+02
1.170000000000000000e+02 1.960000000000000000e+02
1.170000000000000000e+02 2.200000000000000000e+02
1.170000000000000000e+02 2.340000000000000000e+02
1.170000000000000000e+02 2.480000000000000000e+02
1.170000000000000000e+02 2.620000000000000000e+02
1.270000000000000000e+02 1.390000000000000000e+02
1.270000000000000000e+02 1.460000000000000000e+02
1.270000000000000000e+02 1.530000000000000000e+02
1.270000000000000000e+02 1.670000000000000000e+02
1.270000000000000000e+02 1.780000000000000000e+02
1.270000000000000000e+02 1.890000000000000000e+02
1.270000000000000000e+02 1.960000000000000000e+02
1.270000000000000000e+02 2.200000000000000000e+02
1.270000000000000000e+02 2.340000000000000000e+02
1.270000000000000000e+02 2.480000000000000000e+02
1.270000000000000000e+02 2.620000000000000000e+02
1.390000000000000000e+02 1.460000000000000000e+02
1.390000000000000000e+02 1.530000000000000000e+02
1.390000000000000000e+02 1.670000000000000000e+02
1.390000000000000000e+02 1.780000000000000000e+02
1.390000000000000000e+02 1.890000000000000000e+02
1.390000000000000000e+02 1.960000000000000000e+02
1.390000000000000000e+02 2.200000000000000000e+02
1.390000000000000000e+02 2.340000000000000000e+02
1.390000000000000000e+02 2.480000000000000000e+02
1.390000000000000000e+02 2.620000000000000000e+02
1.460000000000000000e+02 1.530000000000000000e+02
1.460000000000000000e+02 1.670000000000000000e+02
1.460000000000000000e+02 1.780000000000000000e+02
1.460000000000000000e+02 1.890000000000000000e+02
1.460000000000000000e+02 1.960000000000000000e+02
1.460000000000000000e+02 2.200000000000000000e+02
1.460000000000000000e+02 2.340000000000000000e+02
1.460000000000000000e+02 2.480000000000000000e+02
1.460000000000000000e+02 2.620000000000000000e+02
1.530000000000000000e+02 1.670000000000000000e+02
1.530000000000000000e+02 1.780000000000000000e+02
1.530000000000000000e+02 1.890000000000000000e+02
1.530000000000000000e+02 1.960000000000000000e+02
1.530000000000000000e+02 2.200000000000000000e+02
1.530000000000000000e+02 2.340000000000000000e+02
1.530000000000000000e+02 2.480000000000000000e+02
1.530000000000000000e+02 2.620000000000000000e+02
1.670000000000000000e+02 1.780000000000000000e+02
1.670000000000000000e+02 1.890000000000000000e+02
1.670000000000000000e+02 1.960000000000000000e+02
1.670000000000000000e+02 2.200000000000000000e+02
1.670000000000000000e+02 2.340000000000000000e+02
1.670000000000000000e+02 2.480000000000000000e+02
1.670000000000000000e+02 2.620000000000000000e+02
1.780000000000000000e+02 1.890000000000000000e+02
1.780000000000000000e+02 1.960000000000000000e+02
1.780000000000000000e+02 2.200000000000000000e+02
1.780000000000000000e+02 2.340000000000000000e+02
1.780000000000000000e+02 2.480000000000000000e+02
1.780000000000000000e+02 2.620000000000000000e+02
1.890000000000000000e+02 1.960000000000000000e+02
1.890000000000000000e+02 2.200000000000000000e+02
1.890000000000000000e+02 2.340000000000000000e+02
1.890000000000000000e+02 2.480000000000000000e+02
1.890000000000000000e+02 2.620000000000000000e+02
1.960000000000000000e+02 2.200000000000000000e+02
1.960000000000000000e+02 2.340000000000000000e+02
1.960000000000000000e+02 2.480000000000000000e+02
1.960000000000000000e+02 2.620000000000000000e+02
2.200000000000000000e+02 2.340000000000000000e+02
2.200000000000000000e+02 2.480000000000000000e+02
2.200000000000000000e+02 2.620000000000000000e+02
2.340000000000000000e+02 2.480000000000000000e+02
2.340000000000000000e+02 2.620000000000000000e+02
2.480000000000000000e+02 2.620000000000000000e+02
